
matrix 1: 

3	4	1
9	5	1
8	8	1
matrix 2: 

6	10	6
7	7	3
9	9	4

matrix 1: 

5	6	7
8	7	1
6	9	4

matrix 2: 

2	4	3
9	7	7
8	6	7

result: 

120	104	106
104	106	87
106	87	87

matrix 1: 

1	1	9
2	3	7
10	1	3

matrix 2: 

7	9	7
1	5	6
2	6	6

result: 

26	68	67
68	67	31
67	31	75

matrix 1: 

6	3	8
6	3	8
10	10	3

matrix 2: 

7	4	9
7	5	7
2	9	2

result: 

79	111	91
111	91	79
91	79	111

matrix 1: 

1	10	6
5	4	8
4	10	2

matrix 2: 

1	4	6
8	2	7
5	5	3

result: 

111	54	94
54	94	77
94	77	68

matrix 1: 

3	2	7
1	4	7
7	8	6

matrix 2: 

7	2	6
8	1	9
10	2	3

result: 

107	22	57
22	57	109
57	109	20

matrix 1: 

2	7	7
5	9	8
4	9	9

matrix 2: 

1	1	9
10	8	4
10	8	8

result: 

142	114	102
114	102	175
102	175	141

matrix 1: 

6	10	3
3	6	9
2	9	4

matrix 2: 

6	6	2
10	9	7
9	1	4

result: 

163	129	94
129	94	159
94	159	81

matrix 1: 

10	10	8
5	5	3
2	3	9

matrix 2: 

9	8	1
6	9	4
8	9	3

result: 

214	242	74
242	74	99
74	99	112

matrix 1: 

8	3	7
1	2	2
5	4	5

matrix 2: 

3	9	9
8	10	1
3	1	3

result: 

69	109	96
109	96	25
96	25	31

matrix 1: 

4	3	2
1	5	6
4	5	10

matrix 2: 

4	8	4
3	1	7
1	1	9

result: 

27	37	55
37	55	25
55	25	19

matrix 1: 

8	1	8
1	6	7
3	1	3

matrix 2: 

8	5	6
9	4	1
5	4	3

result: 

113	76	73
76	73	97
73	97	57

matrix 1: 

4	1	1
6	9	7
4	4	10

matrix 2: 

9	7	5
6	5	9
4	6	3

result: 

46	39	32
39	32	136
32	136	129

matrix 1: 

5	9	2
4	3	10
9	9	6

matrix 2: 

7	6	2
8	10	4
2	8	3

result: 

111	136	52
136	52	72
52	72	134